2000000000000000
2000060000000000
2000160600000000
2000160000000000
2000160400000000
2000000000000000
2000060000000000
2000000000000000
2000170000000000
2000000000000000
2000090000000000
2000000000000000
0200000000000000
02002f0000000000
0200000000000000
0000170000000000
00000b0000000000
0000080000000000
0200000000000000
02002d0000000000
0200000000000000
00000c0000000000
0000110000000000
0000090000000000
0000090c00000000
00000c0000000000
0000110000000000
00000c0000000000
0000170000000000
0000081700000000
0000080000000000
0200000000000000
02002d0000000000
0200000000000000
0000100000000000
0000120000000000
0000110000000000
00000e0000000000
0000080000000000
0000081c00000000
00001c0000000000
0200000000000000
02002d0000000000
0200000000000000
0000170000000000
00000b0000000000
0000080000000000
0000120000000000
0000150000000000
0000081500000000
0000080000000000
0000100000000000
0200000000000000
0200300000000000
0200000000000000
0000500000000000
0000500000000000
0000500000000000
0000500000000000
00002a0000000000
0000270000000000
0000500000000000
0000500000000000
0000500000000000
0000500000000000
0000500000000000
0000500000000000
0000500000000000
0000500000000000
0000500000000000
00002a0000000000
0000270000000000
0000500000000000
0000500000000000
0000500000000000
0000500000000000
0000500000000000
00002a0000000000
00001e0000000000
0000500000000000
0000500000000000
00002a0000000000
00001e0000000000
0000500000000000
0000500000000000
0000500000000000
00002a0000000000
00001e0000000000
